0.117573   9.124762   9.132766
0.020758   13.891156   13.898141
0.132607   16.122381   16.135510
0.004116   16.135533   16.144422
0.029430   17.092472   17.099887
0.007829   17.241202   17.249841
0.282457   17.254422   17.279683
0.002373   17.279705   17.284898
0.005461   17.799955   17.807982
0.006288   17.817120   17.825578
0.035629   17.825601   17.831950
0.817729   17.831973   17.836848
0.176002   17.836871   17.847528
0.058900   17.847551   17.858277
0.010654   17.858299   17.866531
0.014030   18.062540   18.071111
